-5.94621543  2.92018468
-5.32857105  2.82238767
-5.05590281  2.6512894 
-4.79316184  2.21787772
-6.4712313   2.77596918
-6.66270035  3.03392193
-6.12373126  2.80266605
-5.61861114  2.78340788
-6.1739161   3.22444415
-5.83369117  2.84164584
-5.68438084  3.11937616
-5.75308764  2.88707758
-5.45205854  2.21875466
-5.41064951  3.1317008 
-5.28181649  3.0798171 
-5.14481608  2.92954304
-5.44493879  2.9652628 
-5.66864063  2.86817302
-5.60733718  2.79155383
-5.11289535  2.80557246
-5.09790616  2.84995952
-5.70812007  3.02023878
-6.13368563  2.77678819
-6.40814087  2.82361822
-5.17910536  2.76310504
-5.36093209  2.56792255
-5.88550765  2.80214274
-5.17910536  2.76310504
-4.820176    2.46093492
-5.52985322  2.8421672 
-5.57229688  2.66240162
-4.34014181  2.59670682
-4.97395259  2.44255368
-5.51439662  3.02855442
-5.76763652  3.22112621
-5.04847234  2.72377164
-5.82182155  2.89121453
-5.08216595  2.59875638
-5.88431632  2.88498823
-5.40665067  2.73035156
-4.05009904  4.94176462
-5.2484038   5.94850073
-4.74494243  5.70439692
-5.22110469  6.42089219
-5.08675777  5.2647609 
-5.79303048  6.3562602 
-5.01595192  6.10034083
-4.99000084  5.67386074
-4.7722402   6.38504447
-4.73988051  5.48647058
-5.29752556  6.55370172
-5.2570256   5.79317301
-5.00246478  6.73590831
-5.15164687  6.35760057
-5.47285666  6.14700117
-5.65424308  6.33025437
-5.56192529  6.76226776
-5.61148736  6.98903305
-5.18666005  6.25031724
-4.94472256  5.13299604
-4.61667796  5.37465493
-4.63597805  5.252604  
-5.01374007  5.57472335
-4.93565911  6.81979847
-4.89215371  6.02994793
-5.56738629  6.24060526
-5.74256069  6.64993076
-4.93404293  6.25275825
-5.0857218   5.68461934
-4.65496607  5.60956618
-4.67323019  5.90737369
-5.31357784  6.32589176
-4.92126693  5.66972378
-4.31193363  4.74257313
-4.83947206  5.79800101
-5.13575129  5.76938448
-5.05514776  5.81481622
-5.34905844  6.07660827
-4.57064865  4.53820002
-4.99384432  5.73819703
-5.61473517  7.09479208
-5.14094012  7.24092724
-5.58060126  7.59824304
-4.59690911  6.79174503
-4.8590273   7.0301439 
-5.51052065  7.33993862
-5.40604964  7.38393034
-6.56206611  8.90744498
-5.60452162  9.22559315
-4.57051772  6.74370064
-5.75767678  7.85916011
-4.78125974  6.64316691
-5.80061363  8.92686893
-5.14509566  6.82625042
-5.71819733  7.70709435
-5.91519572  8.04097329
-5.1756697   6.69605355
-5.25196233  6.72828567
-5.16364339  7.5616483 
-5.80001931  7.81525267
-5.71214066  8.2701796 
-6.74004935  8.6479262 
-5.15992815  7.59788941
-5.20195996  6.87995607
-4.85017613  7.22075236
-6.03675363  8.50235218
-5.55192834  7.58003149
-5.42103883  7.33954327
-5.20564808  6.60727941
-5.73497351  7.53843905
-5.56885988  7.74838914
-5.7742976   7.35349185
-4.80071519  6.85812893
-5.66460796  7.99558328
-5.70333639  7.85205883
-5.55802624  7.37809939
-4.97201898  6.96668259
-5.44537373  7.19898314
-5.52491418  7.3369743 
-5.09699441  6.8295124 
